8
108 97

0 882 157 501 773 507 26 333 
882 0 582 4 689 300 342 280 
157 582 0 878 24 712 786 610 
501 4 878 0 273 812 373 574 
773 689 24 273 0 113 637 372 
507 300 712 812 113 0 125 384 
26 342 786 373 637 125 0 626 
333 280 610 574 372 384 626 0 

5 1
5 6
4 3
3 3
3 6
1 2
6 5
3 3

70
EP 1 1 2 404 3
SP 1 2 4 784
EP 1 3 3 1031 2
EP 1 4 5 319 9
EP 1 5 4 984 6
EP 2 6 3 397 4
SP 2 7 7 215
NP 2 8 4 153
SP 3 9 8 878
NP 3 10 4 655
EP 3 11 8 557 4
EP 6 12 4 791 5
EP 6 13 1 616 8
NP 6 14 4 973
NP 6 15 5 673
EP 7 16 5 605 4
EP 7 17 7 267 2
SP 7 18 3 956
NP 7 19 5 185
EP 7 20 4 403 5
EP 7 21 1 177 9
SP 8 22 7 238
EP 8 23 1 613 7
NP 8 24 3 204
SP 8 25 2 321
SP 8 26 2 341
NP 8 27 2 947
EP 9 28 5 382 3
NP 9 29 7 758
NP 9 30 3 898
NP 9 31 2 331
EP 9 32 8 693 8
NP 9 33 8 327
EP 10 34 3 726 10
EP 10 35 8 596 2
NP 10 36 2 320
NP 11 37 4 752
SP 11 38 5 297
SP 11 39 5 342
NP 11 40 4 867
SP 11 41 1 287
NP 11 42 7 936
EP 12 43 3 365 6
SP 12 44 5 971
SP 12 45 7 823
NP 12 46 4 149
EP 13 47 2 841 8
SP 14 48 1 102
SP 14 49 2 492
NP 14 50 2 789
EP 14 51 7 481 5
NP 15 52 2 660
EP 15 53 8 188 6
EP 15 54 5 370 1
SP 15 55 4 775
EP 15 56 4 289 1
EP 15 57 3 140 3
EP 17 58 7 391 9
SP 17 59 1 280
EP 17 60 5 770 7
NP 17 61 7 430
NP 17 62 6 170
EP 18 63 6 146 7
SP 18 64 3 678
SP 18 65 2 722
SP 19 66 2 270
EP 21 67 1 631 2
SP 22 68 5 485
NP 22 69 3 570
SP 22 70 7 272

4
8 27 2
19 46 4
20 30 3
21 14 4

26